2021/09/16-19:46:10.069735 1a654 RocksDB version: 5.18.4
2021/09/16-19:46:10.069807 1a654 Git sha rocksdb_build_git_sha:@b9a4a10659969c71e6f6eab4e4bae8c36ede919f@
2021/09/16-19:46:10.069825 1a654 Compile date Mar 11 2020
2021/09/16-19:46:10.069845 1a654 DB SUMMARY
2021/09/16-19:46:10.106928 1a654 CURRENT file:  CURRENT
2021/09/16-19:46:10.107000 1a654 IDENTITY file:  IDENTITY
2021/09/16-19:46:10.151040 1a654 MANIFEST file:  MANIFEST-000113 size: 691 Bytes
2021/09/16-19:46:10.151076 1a654 SST files in E:\codeing\nacos\data\protocol\raft\naming_instance_metadata\log dir, Total Num: 11, files: 000094.sst 000096.sst 000098.sst 000100.sst 000102.sst 000104.sst 000106.sst 000108.sst 000110.sst 
2021/09/16-19:46:10.151088 1a654 Write Ahead Log file in E:\codeing\nacos\data\protocol\raft\naming_instance_metadata\log: 000115.log size: 203 ; 
2021/09/16-19:46:10.151916 1a654                         Options.error_if_exists: 0
2021/09/16-19:46:10.151937 1a654                       Options.create_if_missing: 1
2021/09/16-19:46:10.151942 1a654                         Options.paranoid_checks: 1
2021/09/16-19:46:10.151946 1a654                                     Options.env: 000001AA0553E660
2021/09/16-19:46:10.151950 1a654                                Options.info_log: 000001AA03F16AD0
2021/09/16-19:46:10.151954 1a654                Options.max_file_opening_threads: 16
2021/09/16-19:46:10.151957 1a654                              Options.statistics: 000001AA055AAA60
2021/09/16-19:46:10.151961 1a654                               Options.use_fsync: 0
2021/09/16-19:46:10.151965 1a654                       Options.max_log_file_size: 0
2021/09/16-19:46:10.151968 1a654                  Options.max_manifest_file_size: 1073741824
2021/09/16-19:46:10.151972 1a654                   Options.log_file_time_to_roll: 0
2021/09/16-19:46:10.151976 1a654                       Options.keep_log_file_num: 1000
2021/09/16-19:46:10.151979 1a654                    Options.recycle_log_file_num: 0
2021/09/16-19:46:10.151983 1a654                         Options.allow_fallocate: 1
2021/09/16-19:46:10.151987 1a654                        Options.allow_mmap_reads: 0
2021/09/16-19:46:10.151990 1a654                       Options.allow_mmap_writes: 0
2021/09/16-19:46:10.151994 1a654                        Options.use_direct_reads: 0
2021/09/16-19:46:10.151997 1a654                        Options.use_direct_io_for_flush_and_compaction: 0
2021/09/16-19:46:10.152001 1a654          Options.create_missing_column_families: 1
2021/09/16-19:46:10.152005 1a654                              Options.db_log_dir: 
2021/09/16-19:46:10.152008 1a654                                 Options.wal_dir: E:\codeing\nacos\data\protocol\raft\naming_instance_metadata\log
2021/09/16-19:46:10.152012 1a654                Options.table_cache_numshardbits: 6
2021/09/16-19:46:10.152016 1a654                      Options.max_subcompactions: 1
2021/09/16-19:46:10.152019 1a654                  Options.max_background_flushes: 1
2021/09/16-19:46:10.152023 1a654                         Options.WAL_ttl_seconds: 0
2021/09/16-19:46:10.152026 1a654                       Options.WAL_size_limit_MB: 0
2021/09/16-19:46:10.152030 1a654             Options.manifest_preallocation_size: 4194304
2021/09/16-19:46:10.152034 1a654                     Options.is_fd_close_on_exec: 1
2021/09/16-19:46:10.152037 1a654                   Options.advise_random_on_open: 1
2021/09/16-19:46:10.152041 1a654                    Options.db_write_buffer_size: 0
2021/09/16-19:46:10.152045 1a654                    Options.write_buffer_manager: 000001AA098AE330
2021/09/16-19:46:10.152048 1a654         Options.access_hint_on_compaction_start: 1
2021/09/16-19:46:10.152052 1a654  Options.new_table_reader_for_compaction_inputs: 0
2021/09/16-19:46:10.152056 1a654           Options.random_access_max_buffer_size: 1048576
2021/09/16-19:46:10.152059 1a654                      Options.use_adaptive_mutex: 0
2021/09/16-19:46:10.152063 1a654                            Options.rate_limiter: 0000000000000000
2021/09/16-19:46:10.152067 1a654     Options.sst_file_manager.rate_bytes_per_sec: 0
2021/09/16-19:46:10.152097 1a654                       Options.wal_recovery_mode: 2
2021/09/16-19:46:10.152103 1a654                  Options.enable_thread_tracking: 0
2021/09/16-19:46:10.152107 1a654                  Options.enable_pipelined_write: 0
2021/09/16-19:46:10.152111 1a654         Options.allow_concurrent_memtable_write: 1
2021/09/16-19:46:10.152114 1a654      Options.enable_write_thread_adaptive_yield: 1
2021/09/16-19:46:10.152118 1a654             Options.write_thread_max_yield_usec: 100
2021/09/16-19:46:10.152122 1a654            Options.write_thread_slow_yield_usec: 3
2021/09/16-19:46:10.152125 1a654                               Options.row_cache: None
2021/09/16-19:46:10.152129 1a654                              Options.wal_filter: None
2021/09/16-19:46:10.152133 1a654             Options.avoid_flush_during_recovery: 0
2021/09/16-19:46:10.152136 1a654             Options.allow_ingest_behind: 0
2021/09/16-19:46:10.152140 1a654             Options.preserve_deletes: 0
2021/09/16-19:46:10.152143 1a654             Options.two_write_queues: 0
2021/09/16-19:46:10.152147 1a654             Options.manual_wal_flush: 0
2021/09/16-19:46:10.152150 1a654             Options.max_background_jobs: 2
2021/09/16-19:46:10.152154 1a654             Options.max_background_compactions: 4
2021/09/16-19:46:10.152157 1a654             Options.avoid_flush_during_shutdown: 0
2021/09/16-19:46:10.152161 1a654           Options.writable_file_max_buffer_size: 1048576
2021/09/16-19:46:10.152165 1a654             Options.delayed_write_rate : 16777216
2021/09/16-19:46:10.152168 1a654             Options.max_total_wal_size: 0
2021/09/16-19:46:10.152172 1a654             Options.delete_obsolete_files_period_micros: 21600000000
2021/09/16-19:46:10.152176 1a654                   Options.stats_dump_period_sec: 600
2021/09/16-19:46:10.152179 1a654                          Options.max_open_files: -1
2021/09/16-19:46:10.152183 1a654                          Options.bytes_per_sync: 0
2021/09/16-19:46:10.152187 1a654                      Options.wal_bytes_per_sync: 0
2021/09/16-19:46:10.152190 1a654       Options.compaction_readahead_size: 0
2021/09/16-19:46:10.152194 1a654 Compression algorithms supported:
2021/09/16-19:46:10.152198 1a654 	kZSTD supported: 1
2021/09/16-19:46:10.152202 1a654 	kSnappyCompression supported: 1
2021/09/16-19:46:10.152206 1a654 	kBZip2Compression supported: 0
2021/09/16-19:46:10.152210 1a654 	kZlibCompression supported: 1
2021/09/16-19:46:10.152213 1a654 	kLZ4Compression supported: 1
2021/09/16-19:46:10.152217 1a654 	kXpressCompression supported: 0
2021/09/16-19:46:10.152220 1a654 	kLZ4HCCompression supported: 1
2021/09/16-19:46:10.152224 1a654 	kZSTDNotFinalCompression supported: 1
2021/09/16-19:46:10.152237 1a654 Fast CRC32 supported: Supported on x86
2021/09/16-19:46:10.159964 1a654 [db\version_set.cc:3508] Recovering from manifest file: MANIFEST-000113
2021/09/16-19:46:10.163719 1a654 [db\column_family.cc:474] --------------- Options for column family [default]:
2021/09/16-19:46:10.163742 1a654               Options.comparator: leveldb.BytewiseComparator
2021/09/16-19:46:10.163748 1a654           Options.merge_operator: StringAppendOperator
2021/09/16-19:46:10.163752 1a654        Options.compaction_filter: None
2021/09/16-19:46:10.163755 1a654        Options.compaction_filter_factory: None
2021/09/16-19:46:10.163759 1a654         Options.memtable_factory: SkipListFactory
2021/09/16-19:46:10.163763 1a654            Options.table_factory: BlockBasedTable
2021/09/16-19:46:10.163799 1a654            table_factory options:   flush_block_policy_factory: FlushBlockBySizePolicyFactory (000001AA03E8E060)
  cache_index_and_filter_blocks: 0
  cache_index_and_filter_blocks_with_high_priority: 1
  pin_l0_filter_and_index_blocks_in_cache: 1
  pin_top_level_index_and_filter: 1
  index_type: 2
  hash_index_allow_collision: 1
  checksum: 1
  no_block_cache: 0
  block_cache: 000001AA04852CB0
  block_cache_name: LRUCache
  block_cache_options:
    capacity : 536870912
    num_shard_bits : 8
    strict_capacity_limit : 0
    memory_allocator : None
    high_pri_pool_ratio: 0.000
  block_cache_compressed: 0000000000000000
  persistent_cache: 0000000000000000
  block_size: 4096
  block_size_deviation: 10
  block_restart_interval: 16
  index_block_restart_interval: 1
  metadata_block_size: 8192
  partition_filters: 1
  use_delta_encoding: 1
  filter_policy: nullptr
  whole_key_filtering: 1
  verify_compression: 0
  read_amp_bytes_per_bit: 0
  format_version: 0
  enable_index_compression: 1
  block_align: 0
2021/09/16-19:46:10.163857 1a654        Options.write_buffer_size: 67108864
2021/09/16-19:46:10.163864 1a654  Options.max_write_buffer_number: 3
2021/09/16-19:46:10.163868 1a654          Options.compression: Snappy
2021/09/16-19:46:10.163872 1a654                  Options.bottommost_compression: Disabled
2021/09/16-19:46:10.163876 1a654       Options.prefix_extractor: rocksdb.FixedPrefix.8
2021/09/16-19:46:10.163879 1a654   Options.memtable_insert_with_hint_prefix_extractor: nullptr
2021/09/16-19:46:10.163883 1a654             Options.num_levels: 7
2021/09/16-19:46:10.163887 1a654        Options.min_write_buffer_number_to_merge: 1
2021/09/16-19:46:10.163890 1a654     Options.max_write_buffer_number_to_maintain: 0
2021/09/16-19:46:10.163894 1a654            Options.bottommost_compression_opts.window_bits: -14
2021/09/16-19:46:10.163897 1a654                  Options.bottommost_compression_opts.level: 32767
2021/09/16-19:46:10.163901 1a654               Options.bottommost_compression_opts.strategy: 0
2021/09/16-19:46:10.163905 1a654         Options.bottommost_compression_opts.max_dict_bytes: 0
2021/09/16-19:46:10.163908 1a654         Options.bottommost_compression_opts.zstd_max_train_bytes: 0
2021/09/16-19:46:10.163912 1a654                  Options.bottommost_compression_opts.enabled: false
2021/09/16-19:46:10.163916 1a654            Options.compression_opts.window_bits: -14
2021/09/16-19:46:10.163919 1a654                  Options.compression_opts.level: 32767
2021/09/16-19:46:10.163923 1a654               Options.compression_opts.strategy: 0
2021/09/16-19:46:10.163926 1a654         Options.compression_opts.max_dict_bytes: 0
2021/09/16-19:46:10.163930 1a654         Options.compression_opts.zstd_max_train_bytes: 0
2021/09/16-19:46:10.163933 1a654                  Options.compression_opts.enabled: false
2021/09/16-19:46:10.163937 1a654      Options.level0_file_num_compaction_trigger: 10
2021/09/16-19:46:10.163941 1a654          Options.level0_slowdown_writes_trigger: 20
2021/09/16-19:46:10.163944 1a654              Options.level0_stop_writes_trigger: 40
2021/09/16-19:46:10.163948 1a654                   Options.target_file_size_base: 67108864
2021/09/16-19:46:10.163951 1a654             Options.target_file_size_multiplier: 1
2021/09/16-19:46:10.163955 1a654                Options.max_bytes_for_level_base: 536870912
2021/09/16-19:46:10.163958 1a654 Options.level_compaction_dynamic_level_bytes: 0
2021/09/16-19:46:10.163962 1a654          Options.max_bytes_for_level_multiplier: 10.000000
2021/09/16-19:46:10.163973 1a654 Options.max_bytes_for_level_multiplier_addtl[0]: 1
2021/09/16-19:46:10.163977 1a654 Options.max_bytes_for_level_multiplier_addtl[1]: 1
2021/09/16-19:46:10.163981 1a654 Options.max_bytes_for_level_multiplier_addtl[2]: 1
2021/09/16-19:46:10.163984 1a654 Options.max_bytes_for_level_multiplier_addtl[3]: 1
2021/09/16-19:46:10.163988 1a654 Options.max_bytes_for_level_multiplier_addtl[4]: 1
2021/09/16-19:46:10.163991 1a654 Options.max_bytes_for_level_multiplier_addtl[5]: 1
2021/09/16-19:46:10.163995 1a654 Options.max_bytes_for_level_multiplier_addtl[6]: 1
2021/09/16-19:46:10.163998 1a654       Options.max_sequential_skip_in_iterations: 8
2021/09/16-19:46:10.164002 1a654                    Options.max_compaction_bytes: 1677721600
2021/09/16-19:46:10.164006 1a654                        Options.arena_block_size: 8388608
2021/09/16-19:46:10.164009 1a654   Options.soft_pending_compaction_bytes_limit: 68719476736
2021/09/16-19:46:10.164013 1a654   Options.hard_pending_compaction_bytes_limit: 274877906944
2021/09/16-19:46:10.164017 1a654       Options.rate_limit_delay_max_milliseconds: 100
2021/09/16-19:46:10.164021 1a654                Options.disable_auto_compactions: 0
2021/09/16-19:46:10.164026 1a654                        Options.compaction_style: kCompactionStyleLevel
2021/09/16-19:46:10.164031 1a654                          Options.compaction_pri: kByCompensatedSize
2021/09/16-19:46:10.164035 1a654 Options.compaction_options_universal.size_ratio: 1
2021/09/16-19:46:10.164038 1a654 Options.compaction_options_universal.min_merge_width: 2
2021/09/16-19:46:10.164042 1a654 Options.compaction_options_universal.max_merge_width: 4294967295
2021/09/16-19:46:10.164046 1a654 Options.compaction_options_universal.max_size_amplification_percent: 200
2021/09/16-19:46:10.164049 1a654 Options.compaction_options_universal.compression_size_percent: -1
2021/09/16-19:46:10.164053 1a654 Options.compaction_options_universal.stop_style: kCompactionStopStyleTotalSize
2021/09/16-19:46:10.164057 1a654 Options.compaction_options_fifo.max_table_files_size: 1073741824
2021/09/16-19:46:10.164061 1a654 Options.compaction_options_fifo.allow_compaction: 0
2021/09/16-19:46:10.164064 1a654 Options.compaction_options_fifo.ttl: 0
2021/09/16-19:46:10.164068 1a654                   Options.table_properties_collectors: 
2021/09/16-19:46:10.164072 1a654                   Options.inplace_update_support: 0
2021/09/16-19:46:10.164075 1a654                 Options.inplace_update_num_locks: 10000
2021/09/16-19:46:10.164079 1a654               Options.memtable_prefix_bloom_size_ratio: 0.125000
2021/09/16-19:46:10.164083 1a654   Options.memtable_huge_page_size: 0
2021/09/16-19:46:10.164087 1a654                           Options.bloom_locality: 0
2021/09/16-19:46:10.164090 1a654                    Options.max_successive_merges: 0
2021/09/16-19:46:10.164094 1a654                Options.optimize_filters_for_hits: 0
2021/09/16-19:46:10.164098 1a654                Options.paranoid_file_checks: 0
2021/09/16-19:46:10.164101 1a654                Options.force_consistency_checks: 1
2021/09/16-19:46:10.164105 1a654                Options.report_bg_io_stats: 0
2021/09/16-19:46:10.164108 1a654                               Options.ttl: 0
2021/09/16-19:46:10.165929 1a654 [db\column_family.cc:474] --------------- Options for column family [Configuration]:
2021/09/16-19:46:10.165945 1a654               Options.comparator: leveldb.BytewiseComparator
2021/09/16-19:46:10.165949 1a654           Options.merge_operator: StringAppendOperator
2021/09/16-19:46:10.165953 1a654        Options.compaction_filter: None
2021/09/16-19:46:10.165956 1a654        Options.compaction_filter_factory: None
2021/09/16-19:46:10.165960 1a654         Options.memtable_factory: SkipListFactory
2021/09/16-19:46:10.165964 1a654            Options.table_factory: BlockBasedTable
2021/09/16-19:46:10.165989 1a654            table_factory options:   flush_block_policy_factory: FlushBlockBySizePolicyFactory (000001AA03E8E060)
  cache_index_and_filter_blocks: 0
  cache_index_and_filter_blocks_with_high_priority: 1
  pin_l0_filter_and_index_blocks_in_cache: 1
  pin_top_level_index_and_filter: 1
  index_type: 2
  hash_index_allow_collision: 1
  checksum: 1
  no_block_cache: 0
  block_cache: 000001AA04852CB0
  block_cache_name: LRUCache
  block_cache_options:
    capacity : 536870912
    num_shard_bits : 8
    strict_capacity_limit : 0
    memory_allocator : None
    high_pri_pool_ratio: 0.000
  block_cache_compressed: 0000000000000000
  persistent_cache: 0000000000000000
  block_size: 4096
  block_size_deviation: 10
  block_restart_interval: 16
  index_block_restart_interval: 1
  metadata_block_size: 8192
  partition_filters: 1
  use_delta_encoding: 1
  filter_policy: nullptr
  whole_key_filtering: 1
  verify_compression: 0
  read_amp_bytes_per_bit: 0
  format_version: 0
  enable_index_compression: 1
  block_align: 0
2021/09/16-19:46:10.165994 1a654        Options.write_buffer_size: 67108864
2021/09/16-19:46:10.165998 1a654  Options.max_write_buffer_number: 3
2021/09/16-19:46:10.166002 1a654          Options.compression: Snappy
2021/09/16-19:46:10.166050 1a654                  Options.bottommost_compression: Disabled
2021/09/16-19:46:10.166056 1a654       Options.prefix_extractor: rocksdb.FixedPrefix.8
2021/09/16-19:46:10.166060 1a654   Options.memtable_insert_with_hint_prefix_extractor: nullptr
2021/09/16-19:46:10.166064 1a654             Options.num_levels: 7
2021/09/16-19:46:10.166067 1a654        Options.min_write_buffer_number_to_merge: 1
2021/09/16-19:46:10.166071 1a654     Options.max_write_buffer_number_to_maintain: 0
2021/09/16-19:46:10.166075 1a654            Options.bottommost_compression_opts.window_bits: -14
2021/09/16-19:46:10.166078 1a654                  Options.bottommost_compression_opts.level: 32767
2021/09/16-19:46:10.166082 1a654               Options.bottommost_compression_opts.strategy: 0
2021/09/16-19:46:10.166086 1a654         Options.bottommost_compression_opts.max_dict_bytes: 0
2021/09/16-19:46:10.166089 1a654         Options.bottommost_compression_opts.zstd_max_train_bytes: 0
2021/09/16-19:46:10.166093 1a654                  Options.bottommost_compression_opts.enabled: false
2021/09/16-19:46:10.166097 1a654            Options.compression_opts.window_bits: -14
2021/09/16-19:46:10.166100 1a654                  Options.compression_opts.level: 32767
2021/09/16-19:46:10.166104 1a654               Options.compression_opts.strategy: 0
2021/09/16-19:46:10.166108 1a654         Options.compression_opts.max_dict_bytes: 0
2021/09/16-19:46:10.166111 1a654         Options.compression_opts.zstd_max_train_bytes: 0
2021/09/16-19:46:10.166115 1a654                  Options.compression_opts.enabled: false
2021/09/16-19:46:10.166118 1a654      Options.level0_file_num_compaction_trigger: 10
2021/09/16-19:46:10.166122 1a654          Options.level0_slowdown_writes_trigger: 20
2021/09/16-19:46:10.166126 1a654              Options.level0_stop_writes_trigger: 40
2021/09/16-19:46:10.166129 1a654                   Options.target_file_size_base: 67108864
2021/09/16-19:46:10.166133 1a654             Options.target_file_size_multiplier: 1
2021/09/16-19:46:10.166137 1a654                Options.max_bytes_for_level_base: 536870912
2021/09/16-19:46:10.166140 1a654 Options.level_compaction_dynamic_level_bytes: 0
2021/09/16-19:46:10.166144 1a654          Options.max_bytes_for_level_multiplier: 10.000000
2021/09/16-19:46:10.166149 1a654 Options.max_bytes_for_level_multiplier_addtl[0]: 1
2021/09/16-19:46:10.166152 1a654 Options.max_bytes_for_level_multiplier_addtl[1]: 1
2021/09/16-19:46:10.166156 1a654 Options.max_bytes_for_level_multiplier_addtl[2]: 1
2021/09/16-19:46:10.166160 1a654 Options.max_bytes_for_level_multiplier_addtl[3]: 1
2021/09/16-19:46:10.166163 1a654 Options.max_bytes_for_level_multiplier_addtl[4]: 1
2021/09/16-19:46:10.166167 1a654 Options.max_bytes_for_level_multiplier_addtl[5]: 1
2021/09/16-19:46:10.166170 1a654 Options.max_bytes_for_level_multiplier_addtl[6]: 1
2021/09/16-19:46:10.166174 1a654       Options.max_sequential_skip_in_iterations: 8
2021/09/16-19:46:10.166178 1a654                    Options.max_compaction_bytes: 1677721600
2021/09/16-19:46:10.166181 1a654                        Options.arena_block_size: 8388608
2021/09/16-19:46:10.166185 1a654   Options.soft_pending_compaction_bytes_limit: 68719476736
2021/09/16-19:46:10.166189 1a654   Options.hard_pending_compaction_bytes_limit: 274877906944
2021/09/16-19:46:10.166192 1a654       Options.rate_limit_delay_max_milliseconds: 100
2021/09/16-19:46:10.166196 1a654                Options.disable_auto_compactions: 0
2021/09/16-19:46:10.166201 1a654                        Options.compaction_style: kCompactionStyleLevel
2021/09/16-19:46:10.166205 1a654                          Options.compaction_pri: kByCompensatedSize
2021/09/16-19:46:10.166208 1a654 Options.compaction_options_universal.size_ratio: 1
2021/09/16-19:46:10.166212 1a654 Options.compaction_options_universal.min_merge_width: 2
2021/09/16-19:46:10.166216 1a654 Options.compaction_options_universal.max_merge_width: 4294967295
2021/09/16-19:46:10.166219 1a654 Options.compaction_options_universal.max_size_amplification_percent: 200
2021/09/16-19:46:10.166224 1a654 Options.compaction_options_universal.compression_size_percent: -1
2021/09/16-19:46:10.166229 1a654 Options.compaction_options_universal.stop_style: kCompactionStopStyleTotalSize
2021/09/16-19:46:10.166232 1a654 Options.compaction_options_fifo.max_table_files_size: 1073741824
2021/09/16-19:46:10.166236 1a654 Options.compaction_options_fifo.allow_compaction: 0
2021/09/16-19:46:10.166240 1a654 Options.compaction_options_fifo.ttl: 0
2021/09/16-19:46:10.166243 1a654                   Options.table_properties_collectors: 
2021/09/16-19:46:10.166247 1a654                   Options.inplace_update_support: 0
2021/09/16-19:46:10.166251 1a654                 Options.inplace_update_num_locks: 10000
2021/09/16-19:46:10.166254 1a654               Options.memtable_prefix_bloom_size_ratio: 0.125000
2021/09/16-19:46:10.166258 1a654   Options.memtable_huge_page_size: 0
2021/09/16-19:46:10.166262 1a654                           Options.bloom_locality: 0
2021/09/16-19:46:10.166266 1a654                    Options.max_successive_merges: 0
2021/09/16-19:46:10.166269 1a654                Options.optimize_filters_for_hits: 0
2021/09/16-19:46:10.166275 1a654                Options.paranoid_file_checks: 0
2021/09/16-19:46:10.166298 1a654                Options.force_consistency_checks: 1
2021/09/16-19:46:10.166302 1a654                Options.report_bg_io_stats: 0
2021/09/16-19:46:10.166305 1a654                               Options.ttl: 0
2021/09/16-19:46:10.259224 1a654 [db\version_set.cc:3724] Recovered from manifest file:E:\codeing\nacos\data\protocol\raft\naming_instance_metadata\log/MANIFEST-000113 succeeded,manifest_file_number is 113, next_file_number is 116, last_sequence is 470, log_number is 0,prev_log_number is 0,max_column_family is 1,min_log_number_to_keep is 0
2021/09/16-19:46:10.259244 1a654 [db\version_set.cc:3732] Column family [default] (ID 0), log number is 112
2021/09/16-19:46:10.259251 1a654 [db\version_set.cc:3732] Column family [Configuration] (ID 1), log number is 112
2021/09/16-19:46:10.261869 1a654 EVENT_LOG_v1 {"time_micros": 1631792770259693, "job": 1, "event": "recovery_started", "log_files": [115]}
2021/09/16-19:46:10.261905 1a654 [db\db_impl_open.cc:578] Recovering log #115 mode 2
2021/09/16-19:46:10.736440 1a654 EVENT_LOG_v1 {"time_micros": 1631792770736420, "cf_name": "default", "job": 1, "event": "table_file_creation", "file_number": 116, "file_size": 716, "table_properties": {"data_size": 0, "index_size": 13, "filter_size": 0, "raw_key_size": 16, "raw_average_key_size": 0, "raw_value_size": 8, "raw_average_value_size": 0, "num_data_blocks": 0, "num_entries": 0, "filter_policy_name": ""}}
2021/09/16-19:46:10.739446 1a654 [db\version_set.cc:3037] Creating manifest 117
2021/09/16-19:46:11.440232 1a654 EVENT_LOG_v1 {"time_micros": 1631792771440213, "cf_name": "Configuration", "job": 1, "event": "table_file_creation", "file_number": 118, "file_size": 846, "table_properties": {"data_size": 44, "index_size": 49, "filter_size": 0, "raw_key_size": 42, "raw_average_key_size": 42, "raw_value_size": 16, "raw_average_value_size": 16, "num_data_blocks": 1, "num_entries": 1, "filter_policy_name": ""}}
2021/09/16-19:46:11.539735 1a654 EVENT_LOG_v1 {"time_micros": 1631792771539727, "job": 1, "event": "recovery_finished"}
2021/09/16-19:46:12.141405 1a654 [db\db_impl_open.cc:1314] DB pointer 000001AA0983C030
2021/09/16-19:46:12.142256 1bc88 [WARN] [db\db_impl.cc:669] ------- DUMPING STATS -------
2021/09/16-19:46:12.142278 1bc88 [WARN] [db\db_impl.cc:670] 
** DB Stats **
Uptime(secs): 2.0 total, 2.0 interval
Cumulative writes: 0 writes, 0 keys, 0 commit groups, 0.0 writes per commit group, ingest: 0.00 GB, 0.00 MB/s
Cumulative WAL: 0 writes, 0 syncs, 0.00 writes per sync, written: 0.00 GB, 0.00 MB/s
Cumulative stall: 00:00:0.000 H:M:S, 0.0 percent
Interval writes: 0 writes, 0 keys, 0 commit groups, 0.0 writes per commit group, ingest: 0.00 MB, 0.00 MB/s
Interval WAL: 0 writes, 0 syncs, 0.00 writes per sync, written: 0.00 MB, 0.00 MB/s
Interval stall: 00:00:0.000 H:M:S, 0.0 percent

** Compaction Stats [default] **
Level    Files   Size     Score Read(GB)  Rn(GB) Rnp1(GB) Write(GB) Wnew(GB) Moved(GB) W-Amp Rd(MB/s) Wr(MB/s) Comp(sec) Comp(cnt) Avg(sec) KeyIn KeyDrop
----------------------------------------------------------------------------------------------------------------------------------------------------------
  L0      6/0    4.20 KB   0.6      0.0     0.0      0.0       0.0      0.0       0.0   1.0      0.0      0.0         0         1    0.469       0      0
 Sum      6/0    4.20 KB   0.0      0.0     0.0      0.0       0.0      0.0       0.0   1.0      0.0      0.0         0         1    0.469       0      0
 Int      0/0    0.00 KB   0.0      0.0     0.0      0.0       0.0      0.0       0.0   1.0      0.0      0.0         0         1    0.469       0      0
Uptime(secs): 2.0 total, 2.0 interval
Flush(GB): cumulative 0.000, interval 0.000
AddFile(GB): cumulative 0.000, interval 0.000
AddFile(Total Files): cumulative 0, interval 0
AddFile(L0 Files): cumulative 0, interval 0
AddFile(Keys): cumulative 0, interval 0
Cumulative compaction: 0.00 GB write, 0.00 MB/s write, 0.00 GB read, 0.00 MB/s read, 0.5 seconds
Interval compaction: 0.00 GB write, 0.00 MB/s write, 0.00 GB read, 0.00 MB/s read, 0.5 seconds
Stalls(count): 0 level0_slowdown, 0 level0_slowdown_with_compaction, 0 level0_numfiles, 0 level0_numfiles_with_compaction, 0 stop for pending_compaction_bytes, 0 slowdown for pending_compaction_bytes, 0 memtable_compaction, 0 memtable_slowdown, interval 0 total count

** File Read Latency Histogram By Level [default] **
** Level 0 read latency histogram (micros):
Count: 30 Average: 11.3333  StdDev: 13.23
Min: 2  Median: 3.8000  Max: 57
Percentiles: P50: 3.80 P75: 16.75 P99: 57.00 P99.9: 57.00 P99.99: 57.00
------------------------------------------------------
(       1,       2 ]        1   3.333%   3.333% #
(       2,       3 ]       10  33.333%  36.667% #######
(       3,       4 ]        5  16.667%  53.333% ###
(       4,       6 ]        3  10.000%  63.333% ##
(       6,      10 ]        3  10.000%  73.333% ##
(      15,      22 ]        2   6.667%  80.000% #
(      22,      34 ]        4  13.333%  93.333% ###
(      34,      51 ]        1   3.333%  96.667% #
(      51,      76 ]        1   3.333% 100.000% #


** Compaction Stats [Configuration] **
Level    Files   Size     Score Read(GB)  Rn(GB) Rnp1(GB) Write(GB) Wnew(GB) Moved(GB) W-Amp Rd(MB/s) Wr(MB/s) Comp(sec) Comp(cnt) Avg(sec) KeyIn KeyDrop
----------------------------------------------------------------------------------------------------------------------------------------------------------
  L0      6/0    4.96 KB   0.6      0.0     0.0      0.0       0.0      0.0       0.0   1.0      0.0      0.0         0         1    0.302       0      0
  L1      1/0    0.76 KB   0.0      0.0     0.0      0.0       0.0      0.0       0.0   0.0      0.0      0.0         0         0    0.000       0      0
 Sum      7/0    5.72 KB   0.0      0.0     0.0      0.0       0.0      0.0       0.0   1.0      0.0      0.0         0         1    0.302       0      0
 Int      0/0    0.00 KB   0.0      0.0     0.0      0.0       0.0      0.0       0.0   1.0      0.0      0.0         0         1    0.302       0      0
Uptime(secs): 2.0 total, 2.0 interval
Flush(GB): cumulative 0.000, interval 0.000
AddFile(GB): cumulative 0.000, interval 0.000
AddFile(Total Files): cumulative 0, interval 0
AddFile(L0 Files): cumulative 0, interval 0
AddFile(Keys): cumulative 0, interval 0
Cumulative compaction: 0.00 GB write, 0.00 MB/s write, 0.00 GB read, 0.00 MB/s read, 0.3 seconds
Interval compaction: 0.00 GB write, 0.00 MB/s write, 0.00 GB read, 0.00 MB/s read, 0.3 seconds
Stalls(count): 0 level0_slowdown, 0 level0_slowdown_with_compaction, 0 level0_numfiles, 0 level0_numfiles_with_compaction, 0 stop for pending_compaction_bytes, 0 slowdown for pending_compaction_bytes, 0 memtable_compaction, 0 memtable_slowdown, interval 0 total count

** File Read Latency Histogram By Level [Configuration] **
** Level 0 read latency histogram (micros):
Count: 36 Average: 8.0278  StdDev: 11.33
Min: 2  Median: 2.8333  Max: 55
Percentiles: P50: 2.83 P75: 5.00 P99: 55.00 P99.9: 55.00 P99.99: 55.00
------------------------------------------------------
(       1,       2 ]        3   8.333%   8.333% ##
(       2,       3 ]       18  50.000%  58.333% ##########
(       3,       4 ]        4  11.111%  69.444% ##
(       4,       6 ]        4  11.111%  80.556% ##
(       6,      10 ]        1   2.778%  83.333% #
(      15,      22 ]        1   2.778%  86.111% #
(      22,      34 ]        4  11.111%  97.222% ##
(      51,      76 ]        1   2.778% 100.000% #

** Level 1 read latency histogram (micros):
Count: 4 Average: 15.0000  StdDev: 17.38
Min: 3  Median: 6.0000  Max: 45
Percentiles: P50: 6.00 P75: 10.00 P99: 45.00 P99.9: 45.00 P99.99: 45.00
------------------------------------------------------
(       2,       3 ]        1  25.000%  25.000% #####
(       4,       6 ]        1  25.000%  50.000% #####
(       6,      10 ]        1  25.000%  75.000% #####
(      34,      51 ]        1  25.000% 100.000% #####


** Compaction Stats [default] **
Level    Files   Size     Score Read(GB)  Rn(GB) Rnp1(GB) Write(GB) Wnew(GB) Moved(GB) W-Amp Rd(MB/s) Wr(MB/s) Comp(sec) Comp(cnt) Avg(sec) KeyIn KeyDrop
----------------------------------------------------------------------------------------------------------------------------------------------------------
  L0      6/0    4.20 KB   0.6      0.0     0.0      0.0       0.0      0.0       0.0   1.0      0.0      0.0         0         1    0.469       0      0
 Sum      6/0    4.20 KB   0.0      0.0     0.0      0.0       0.0      0.0       0.0   1.0      0.0      0.0         0         1    0.469       0      0
 Int      0/0    0.00 KB   0.0      0.0     0.0      0.0       0.0      0.0       0.0   0.0      0.0      0.0         0         0    0.000       0      0
Uptime(secs): 2.0 total, 0.0 interval
Flush(GB): cumulative 0.000, interval 0.000
AddFile(GB): cumulative 0.000, interval 0.000
AddFile(Total Files): cumulative 0, interval 0
AddFile(L0 Files): cumulative 0, interval 0
AddFile(Keys): cumulative 0, interval 0
Cumulative compaction: 0.00 GB write, 0.00 MB/s write, 0.00 GB read, 0.00 MB/s read, 0.5 seconds
Interval compaction: 0.00 GB write, 0.00 MB/s write, 0.00 GB read, 0.00 MB/s read, 0.0 seconds
Stalls(count): 0 level0_slowdown, 0 level0_slowdown_with_compaction, 0 level0_numfiles, 0 level0_numfiles_with_compaction, 0 stop for pending_compaction_bytes, 0 slowdown for pending_compaction_bytes, 0 memtable_compaction, 0 memtable_slowdown, interval 0 total count

** File Read Latency Histogram By Level [default] **
** Level 0 read latency histogram (micros):
Count: 30 Average: 11.3333  StdDev: 13.23
Min: 2  Median: 3.8000  Max: 57
Percentiles: P50: 3.80 P75: 16.75 P99: 57.00 P99.9: 57.00 P99.99: 57.00
------------------------------------------------------
(       1,       2 ]        1   3.333%   3.333% #
(       2,       3 ]       10  33.333%  36.667% #######
(       3,       4 ]        5  16.667%  53.333% ###
(       4,       6 ]        3  10.000%  63.333% ##
(       6,      10 ]        3  10.000%  73.333% ##
(      15,      22 ]        2   6.667%  80.000% #
(      22,      34 ]        4  13.333%  93.333% ###
(      34,      51 ]        1   3.333%  96.667% #
(      51,      76 ]        1   3.333% 100.000% #


** Compaction Stats [Configuration] **
Level    Files   Size     Score Read(GB)  Rn(GB) Rnp1(GB) Write(GB) Wnew(GB) Moved(GB) W-Amp Rd(MB/s) Wr(MB/s) Comp(sec) Comp(cnt) Avg(sec) KeyIn KeyDrop
----------------------------------------------------------------------------------------------------------------------------------------------------------
  L0      6/0    4.96 KB   0.6      0.0     0.0      0.0       0.0      0.0       0.0   1.0      0.0      0.0         0         1    0.302       0      0
  L1      1/0    0.76 KB   0.0      0.0     0.0      0.0       0.0      0.0       0.0   0.0      0.0      0.0         0         0    0.000       0      0
 Sum      7/0    5.72 KB   0.0      0.0     0.0      0.0       0.0      0.0       0.0   1.0      0.0      0.0         0         1    0.302       0      0
 Int      0/0    0.00 KB   0.0      0.0     0.0      0.0       0.0      0.0       0.0   0.0      0.0      0.0         0         0    0.000       0      0
Uptime(secs): 2.0 total, 0.0 interval
Flush(GB): cumulative 0.000, interval 0.000
AddFile(GB): cumulative 0.000, interval 0.000
AddFile(Total Files): cumulative 0, interval 0
AddFile(L0 Files): cumulative 0, interval 0
AddFile(Keys): cumulative 0, interval 0
Cumulative compaction: 0.00 GB write, 0.00 MB/s write, 0.00 GB read, 0.00 MB/s read, 0.3 seconds
Interval compaction: 0.00 GB write, 0.00 MB/s write, 0.00 GB read, 0.00 MB/s read, 0.0 seconds
Stalls(count): 0 level0_slowdown, 0 level0_slowdown_with_compaction, 0 level0_numfiles, 0 level0_numfiles_with_compaction, 0 stop for pending_compaction_bytes, 0 slowdown for pending_compaction_bytes, 0 memtable_compaction, 0 memtable_slowdown, interval 0 total count

** File Read Latency Histogram By Level [Configuration] **
** Level 0 read latency histogram (micros):
Count: 36 Average: 8.0278  StdDev: 11.33
Min: 2  Median: 2.8333  Max: 55
Percentiles: P50: 2.83 P75: 5.00 P99: 55.00 P99.9: 55.00 P99.99: 55.00
------------------------------------------------------
(       1,       2 ]        3   8.333%   8.333% ##
(       2,       3 ]       18  50.000%  58.333% ##########
(       3,       4 ]        4  11.111%  69.444% ##
(       4,       6 ]        4  11.111%  80.556% ##
(       6,      10 ]        1   2.778%  83.333% #
(      15,      22 ]        1   2.778%  86.111% #
(      22,      34 ]        4  11.111%  97.222% ##
(      51,      76 ]        1   2.778% 100.000% #

** Level 1 read latency histogram (micros):
Count: 4 Average: 15.0000  StdDev: 17.38
Min: 3  Median: 6.0000  Max: 45
Percentiles: P50: 6.00 P75: 10.00 P99: 45.00 P99.9: 45.00 P99.99: 45.00
------------------------------------------------------
(       2,       3 ]        1  25.000%  25.000% #####
(       4,       6 ]        1  25.000%  50.000% #####
(       6,      10 ]        1  25.000%  75.000% #####
(      34,      51 ]        1  25.000% 100.000% #####

2021/09/16-19:46:12.142927 1bc88 [WARN] [db\db_impl.cc:617] STATISTICS:
 rocksdb.block.cache.miss COUNT : 18
rocksdb.block.cache.hit COUNT : 0
rocksdb.block.cache.add COUNT : 18
rocksdb.block.cache.add.failures COUNT : 0
rocksdb.block.cache.index.miss COUNT : 6
rocksdb.block.cache.index.hit COUNT : 0
rocksdb.block.cache.index.add COUNT : 6
rocksdb.block.cache.index.bytes.insert COUNT : 612
rocksdb.block.cache.index.bytes.evict COUNT : 0
rocksdb.block.cache.filter.miss COUNT : 0
rocksdb.block.cache.filter.hit COUNT : 0
rocksdb.block.cache.filter.add COUNT : 0
rocksdb.block.cache.filter.bytes.insert COUNT : 0
rocksdb.block.cache.filter.bytes.evict COUNT : 0
rocksdb.block.cache.data.miss COUNT : 12
rocksdb.block.cache.data.hit COUNT : 0
rocksdb.block.cache.data.add COUNT : 12
rocksdb.block.cache.data.bytes.insert COUNT : 1380
rocksdb.block.cache.bytes.read COUNT : 0
rocksdb.block.cache.bytes.write COUNT : 1992
rocksdb.bloom.filter.useful COUNT : 0
rocksdb.bloom.filter.full.positive COUNT : 0
rocksdb.bloom.filter.full.true.positive COUNT : 0
rocksdb.persistent.cache.hit COUNT : 0
rocksdb.persistent.cache.miss COUNT : 0
rocksdb.sim.block.cache.hit COUNT : 0
rocksdb.sim.block.cache.miss COUNT : 0
rocksdb.memtable.hit COUNT : 0
rocksdb.memtable.miss COUNT : 0
rocksdb.l0.hit COUNT : 0
rocksdb.l1.hit COUNT : 0
rocksdb.l2andup.hit COUNT : 0
rocksdb.compaction.key.drop.new COUNT : 0
rocksdb.compaction.key.drop.obsolete COUNT : 0
rocksdb.compaction.key.drop.range_del COUNT : 0
rocksdb.compaction.key.drop.user COUNT : 0
rocksdb.compaction.range_del.drop.obsolete COUNT : 0
rocksdb.compaction.optimized.del.drop.obsolete COUNT : 0
rocksdb.compaction.cancelled COUNT : 0
rocksdb.number.keys.written COUNT : 0
rocksdb.number.keys.read COUNT : 0
rocksdb.number.keys.updated COUNT : 0
rocksdb.bytes.written COUNT : 0
rocksdb.bytes.read COUNT : 0
rocksdb.number.db.seek COUNT : 0
rocksdb.number.db.next COUNT : 0
rocksdb.number.db.prev COUNT : 0
rocksdb.number.db.seek.found COUNT : 0
rocksdb.number.db.next.found COUNT : 0
rocksdb.number.db.prev.found COUNT : 0
rocksdb.db.iter.bytes.read COUNT : 0
rocksdb.no.file.closes COUNT : 0
rocksdb.no.file.opens COUNT : 13
rocksdb.no.file.errors COUNT : 0
rocksdb.l0.slowdown.micros COUNT : 0
rocksdb.memtable.compaction.micros COUNT : 0
rocksdb.l0.num.files.stall.micros COUNT : 0
rocksdb.stall.micros COUNT : 0
rocksdb.db.mutex.wait.micros COUNT : 0
rocksdb.rate.limit.delay.millis COUNT : 0
rocksdb.num.iterators COUNT : 0
rocksdb.number.multiget.get COUNT : 0
rocksdb.number.multiget.keys.read COUNT : 0
rocksdb.number.multiget.bytes.read COUNT : 0
rocksdb.number.deletes.filtered COUNT : 0
rocksdb.number.merge.failures COUNT : 0
rocksdb.bloom.filter.prefix.checked COUNT : 0
rocksdb.bloom.filter.prefix.useful COUNT : 0
rocksdb.number.reseeks.iteration COUNT : 0
rocksdb.getupdatessince.calls COUNT : 0
rocksdb.block.cachecompressed.miss COUNT : 0
rocksdb.block.cachecompressed.hit COUNT : 0
rocksdb.block.cachecompressed.add COUNT : 0
rocksdb.block.cachecompressed.add.failures COUNT : 0
rocksdb.wal.synced COUNT : 0
rocksdb.wal.bytes COUNT : 0
rocksdb.write.self COUNT : 0
rocksdb.write.other COUNT : 0
rocksdb.write.timeout COUNT : 0
rocksdb.write.wal COUNT : 0
rocksdb.compact.read.bytes COUNT : 0
rocksdb.compact.write.bytes COUNT : 1562
rocksdb.flush.write.bytes COUNT : 0
rocksdb.number.direct.load.table.properties COUNT : 0
rocksdb.number.superversion_acquires COUNT : 0
rocksdb.number.superversion_releases COUNT : 0
rocksdb.number.superversion_cleanups COUNT : 0
rocksdb.number.block.compressed COUNT : 1
rocksdb.number.block.decompressed COUNT : 0
rocksdb.number.block.not_compressed COUNT : 0
rocksdb.merge.operation.time.nanos COUNT : 0
rocksdb.filter.operation.time.nanos COUNT : 0
rocksdb.row.cache.hit COUNT : 0
rocksdb.row.cache.miss COUNT : 0
rocksdb.read.amp.estimate.useful.bytes COUNT : 0
rocksdb.read.amp.total.read.bytes COUNT : 0
rocksdb.number.rate_limiter.drains COUNT : 0
rocksdb.number.iter.skip COUNT : 0
rocksdb.blobdb.num.put COUNT : 0
rocksdb.blobdb.num.write COUNT : 0
rocksdb.blobdb.num.get COUNT : 0
rocksdb.blobdb.num.multiget COUNT : 0
rocksdb.blobdb.num.seek COUNT : 0
rocksdb.blobdb.num.next COUNT : 0
rocksdb.blobdb.num.prev COUNT : 0
rocksdb.blobdb.num.keys.written COUNT : 0
rocksdb.blobdb.num.keys.read COUNT : 0
rocksdb.blobdb.bytes.written COUNT : 0
rocksdb.blobdb.bytes.read COUNT : 0
rocksdb.blobdb.write.inlined COUNT : 0
rocksdb.blobdb.write.inlined.ttl COUNT : 0
rocksdb.blobdb.write.blob COUNT : 0
rocksdb.blobdb.write.blob.ttl COUNT : 0
rocksdb.blobdb.blob.file.bytes.written COUNT : 0
rocksdb.blobdb.blob.file.bytes.read COUNT : 0
rocksdb.blobdb.blob.file.synced COUNT : 0
rocksdb.blobdb.blob.index.expired.count COUNT : 0
rocksdb.blobdb.blob.index.expired.size COUNT : 0
rocksdb.blobdb.blob.index.evicted.count COUNT : 0
rocksdb.blobdb.blob.index.evicted.size COUNT : 0
rocksdb.blobdb.gc.num.files COUNT : 0
rocksdb.blobdb.gc.num.new.files COUNT : 0
rocksdb.blobdb.gc.failures COUNT : 0
rocksdb.blobdb.gc.num.keys.overwritten COUNT : 0
rocksdb.blobdb.gc.num.keys.expired COUNT : 0
