2020/12/16-19:39:15.966314 10f1c RocksDB version: 5.18.4
2020/12/16-19:39:15.966516 10f1c Git sha rocksdb_build_git_sha:@b9a4a10659969c71e6f6eab4e4bae8c36ede919f@
2020/12/16-19:39:15.966532 10f1c Compile date Mar 11 2020
2020/12/16-19:39:15.966582 10f1c DB SUMMARY
2020/12/16-19:39:15.966802 10f1c CURRENT file:  CURRENT
2020/12/16-19:39:15.966816 10f1c IDENTITY file:  IDENTITY
2020/12/16-19:39:15.966858 10f1c MANIFEST file:  MANIFEST-000060 size: 489 Bytes
2020/12/16-19:39:15.966870 10f1c SST files in C:\Users\Administrator\Downloads\nacos\data\protocol\raft\naming_instance_metadata\log dir, Total Num: 7, files: 000049.sst 000051.sst 000053.sst 000055.sst 000057.sst 000059.sst 000061.sst 
2020/12/16-19:39:15.966881 10f1c Write Ahead Log file in C:\Users\Administrator\Downloads\nacos\data\protocol\raft\naming_instance_metadata\log: 000062.log size: 439 ; 
2020/12/16-19:39:15.967097 10f1c                         Options.error_if_exists: 0
2020/12/16-19:39:15.967115 10f1c                       Options.create_if_missing: 1
2020/12/16-19:39:15.967119 10f1c                         Options.paranoid_checks: 1
2020/12/16-19:39:15.967123 10f1c                                     Options.env: 000000002060CDE0
2020/12/16-19:39:15.967127 10f1c                                Options.info_log: 0000000020655950
2020/12/16-19:39:15.967131 10f1c                Options.max_file_opening_threads: 16
2020/12/16-19:39:15.967135 10f1c                              Options.statistics: 0000000020639970
2020/12/16-19:39:15.967139 10f1c                               Options.use_fsync: 0
2020/12/16-19:39:15.967142 10f1c                       Options.max_log_file_size: 0
2020/12/16-19:39:15.967146 10f1c                  Options.max_manifest_file_size: 1073741824
2020/12/16-19:39:15.967150 10f1c                   Options.log_file_time_to_roll: 0
2020/12/16-19:39:15.967154 10f1c                       Options.keep_log_file_num: 1000
2020/12/16-19:39:15.967158 10f1c                    Options.recycle_log_file_num: 0
2020/12/16-19:39:15.967161 10f1c                         Options.allow_fallocate: 1
2020/12/16-19:39:15.967165 10f1c                        Options.allow_mmap_reads: 0
2020/12/16-19:39:15.967169 10f1c                       Options.allow_mmap_writes: 0
2020/12/16-19:39:15.967173 10f1c                        Options.use_direct_reads: 0
2020/12/16-19:39:15.967176 10f1c                        Options.use_direct_io_for_flush_and_compaction: 0
2020/12/16-19:39:15.967180 10f1c          Options.create_missing_column_families: 1
2020/12/16-19:39:15.967184 10f1c                              Options.db_log_dir: 
2020/12/16-19:39:15.967188 10f1c                                 Options.wal_dir: C:\Users\Administrator\Downloads\nacos\data\protocol\raft\naming_instance_metadata\log
2020/12/16-19:39:15.967191 10f1c                Options.table_cache_numshardbits: 6
2020/12/16-19:39:15.967195 10f1c                      Options.max_subcompactions: 1
2020/12/16-19:39:15.967199 10f1c                  Options.max_background_flushes: 1
2020/12/16-19:39:15.967202 10f1c                         Options.WAL_ttl_seconds: 0
2020/12/16-19:39:15.967206 10f1c                       Options.WAL_size_limit_MB: 0
2020/12/16-19:39:15.967210 10f1c             Options.manifest_preallocation_size: 4194304
2020/12/16-19:39:15.967214 10f1c                     Options.is_fd_close_on_exec: 1
2020/12/16-19:39:15.967217 10f1c                   Options.advise_random_on_open: 1
2020/12/16-19:39:15.967221 10f1c                    Options.db_write_buffer_size: 0
2020/12/16-19:39:15.967225 10f1c                    Options.write_buffer_manager: 0000000020645600
2020/12/16-19:39:15.967229 10f1c         Options.access_hint_on_compaction_start: 1
2020/12/16-19:39:15.967232 10f1c  Options.new_table_reader_for_compaction_inputs: 0
2020/12/16-19:39:15.967236 10f1c           Options.random_access_max_buffer_size: 1048576
2020/12/16-19:39:15.967240 10f1c                      Options.use_adaptive_mutex: 0
2020/12/16-19:39:15.967243 10f1c                            Options.rate_limiter: 0000000000000000
2020/12/16-19:39:15.967247 10f1c     Options.sst_file_manager.rate_bytes_per_sec: 0
2020/12/16-19:39:15.967279 10f1c                       Options.wal_recovery_mode: 2
2020/12/16-19:39:15.967286 10f1c                  Options.enable_thread_tracking: 0
2020/12/16-19:39:15.967289 10f1c                  Options.enable_pipelined_write: 0
2020/12/16-19:39:15.967293 10f1c         Options.allow_concurrent_memtable_write: 1
2020/12/16-19:39:15.967297 10f1c      Options.enable_write_thread_adaptive_yield: 1
2020/12/16-19:39:15.967300 10f1c             Options.write_thread_max_yield_usec: 100
2020/12/16-19:39:15.967304 10f1c            Options.write_thread_slow_yield_usec: 3
2020/12/16-19:39:15.967308 10f1c                               Options.row_cache: None
2020/12/16-19:39:15.967312 10f1c                              Options.wal_filter: None
2020/12/16-19:39:15.967316 10f1c             Options.avoid_flush_during_recovery: 0
2020/12/16-19:39:15.967319 10f1c             Options.allow_ingest_behind: 0
2020/12/16-19:39:15.967323 10f1c             Options.preserve_deletes: 0
2020/12/16-19:39:15.967327 10f1c             Options.two_write_queues: 0
2020/12/16-19:39:15.967330 10f1c             Options.manual_wal_flush: 0
2020/12/16-19:39:15.967334 10f1c             Options.max_background_jobs: 2
2020/12/16-19:39:15.967338 10f1c             Options.max_background_compactions: 4
2020/12/16-19:39:15.967341 10f1c             Options.avoid_flush_during_shutdown: 0
2020/12/16-19:39:15.967345 10f1c           Options.writable_file_max_buffer_size: 1048576
2020/12/16-19:39:15.967349 10f1c             Options.delayed_write_rate : 16777216
2020/12/16-19:39:15.967352 10f1c             Options.max_total_wal_size: 0
2020/12/16-19:39:15.967356 10f1c             Options.delete_obsolete_files_period_micros: 21600000000
2020/12/16-19:39:15.967360 10f1c                   Options.stats_dump_period_sec: 600
2020/12/16-19:39:15.967364 10f1c                          Options.max_open_files: -1
2020/12/16-19:39:15.967371 10f1c                          Options.bytes_per_sync: 0
2020/12/16-19:39:15.967374 10f1c                      Options.wal_bytes_per_sync: 0
2020/12/16-19:39:15.967378 10f1c       Options.compaction_readahead_size: 0
2020/12/16-19:39:15.967382 10f1c Compression algorithms supported:
2020/12/16-19:39:15.967386 10f1c 	kZSTD supported: 1
2020/12/16-19:39:15.967390 10f1c 	kSnappyCompression supported: 1
2020/12/16-19:39:15.967394 10f1c 	kBZip2Compression supported: 0
2020/12/16-19:39:15.967397 10f1c 	kZlibCompression supported: 1
2020/12/16-19:39:15.967401 10f1c 	kLZ4Compression supported: 1
2020/12/16-19:39:15.967405 10f1c 	kXpressCompression supported: 0
2020/12/16-19:39:15.967409 10f1c 	kLZ4HCCompression supported: 1
2020/12/16-19:39:15.967412 10f1c 	kZSTDNotFinalCompression supported: 1
2020/12/16-19:39:15.967423 10f1c Fast CRC32 supported: Supported on x86
2020/12/16-19:39:15.974165 10f1c [db\version_set.cc:3508] Recovering from manifest file: MANIFEST-000060
2020/12/16-19:39:15.981096 10f1c [db\column_family.cc:474] --------------- Options for column family [default]:
2020/12/16-19:39:15.981132 10f1c               Options.comparator: leveldb.BytewiseComparator
2020/12/16-19:39:15.981138 10f1c           Options.merge_operator: StringAppendOperator
2020/12/16-19:39:15.981142 10f1c        Options.compaction_filter: None
2020/12/16-19:39:15.981146 10f1c        Options.compaction_filter_factory: None
2020/12/16-19:39:15.981150 10f1c         Options.memtable_factory: SkipListFactory
2020/12/16-19:39:15.981167 10f1c            Options.table_factory: BlockBasedTable
2020/12/16-19:39:15.981206 10f1c            table_factory options:   flush_block_policy_factory: FlushBlockBySizePolicyFactory (00000000013B4860)
  cache_index_and_filter_blocks: 0
  cache_index_and_filter_blocks_with_high_priority: 1
  pin_l0_filter_and_index_blocks_in_cache: 1
  pin_top_level_index_and_filter: 1
  index_type: 2
  hash_index_allow_collision: 1
  checksum: 1
  no_block_cache: 0
  block_cache: 00000000205F0160
  block_cache_name: LRUCache
  block_cache_options:
    capacity : 536870912
    num_shard_bits : 8
    strict_capacity_limit : 0
    memory_allocator : None
    high_pri_pool_ratio: 0.000
  block_cache_compressed: 0000000000000000
  persistent_cache: 0000000000000000
  block_size: 4096
  block_size_deviation: 10
  block_restart_interval: 16
  index_block_restart_interval: 1
  metadata_block_size: 8192
  partition_filters: 1
  use_delta_encoding: 1
  filter_policy: nullptr
  whole_key_filtering: 1
  verify_compression: 0
  read_amp_bytes_per_bit: 0
  format_version: 0
  enable_index_compression: 1
  block_align: 0
2020/12/16-19:39:15.981256 10f1c        Options.write_buffer_size: 67108864
2020/12/16-19:39:15.981263 10f1c  Options.max_write_buffer_number: 3
2020/12/16-19:39:15.981267 10f1c          Options.compression: Snappy
2020/12/16-19:39:15.981271 10f1c                  Options.bottommost_compression: Disabled
2020/12/16-19:39:15.981275 10f1c       Options.prefix_extractor: rocksdb.FixedPrefix.8
2020/12/16-19:39:15.981279 10f1c   Options.memtable_insert_with_hint_prefix_extractor: nullptr
2020/12/16-19:39:15.981283 10f1c             Options.num_levels: 7
2020/12/16-19:39:15.981286 10f1c        Options.min_write_buffer_number_to_merge: 1
2020/12/16-19:39:15.981290 10f1c     Options.max_write_buffer_number_to_maintain: 0
2020/12/16-19:39:15.981294 10f1c            Options.bottommost_compression_opts.window_bits: -14
2020/12/16-19:39:15.981298 10f1c                  Options.bottommost_compression_opts.level: 32767
2020/12/16-19:39:15.981302 10f1c               Options.bottommost_compression_opts.strategy: 0
2020/12/16-19:39:15.981305 10f1c         Options.bottommost_compression_opts.max_dict_bytes: 0
2020/12/16-19:39:15.981309 10f1c         Options.bottommost_compression_opts.zstd_max_train_bytes: 0
2020/12/16-19:39:15.981313 10f1c                  Options.bottommost_compression_opts.enabled: false
2020/12/16-19:39:15.981317 10f1c            Options.compression_opts.window_bits: -14
2020/12/16-19:39:15.981321 10f1c                  Options.compression_opts.level: 32767
2020/12/16-19:39:15.981325 10f1c               Options.compression_opts.strategy: 0
2020/12/16-19:39:15.981328 10f1c         Options.compression_opts.max_dict_bytes: 0
2020/12/16-19:39:15.981332 10f1c         Options.compression_opts.zstd_max_train_bytes: 0
2020/12/16-19:39:15.981336 10f1c                  Options.compression_opts.enabled: false
2020/12/16-19:39:15.981340 10f1c      Options.level0_file_num_compaction_trigger: 10
2020/12/16-19:39:15.981344 10f1c          Options.level0_slowdown_writes_trigger: 20
2020/12/16-19:39:15.981347 10f1c              Options.level0_stop_writes_trigger: 40
2020/12/16-19:39:15.981351 10f1c                   Options.target_file_size_base: 67108864
2020/12/16-19:39:15.981355 10f1c             Options.target_file_size_multiplier: 1
2020/12/16-19:39:15.981359 10f1c                Options.max_bytes_for_level_base: 536870912
2020/12/16-19:39:15.981363 10f1c Options.level_compaction_dynamic_level_bytes: 0
2020/12/16-19:39:15.981366 10f1c          Options.max_bytes_for_level_multiplier: 10.000000
2020/12/16-19:39:15.981378 10f1c Options.max_bytes_for_level_multiplier_addtl[0]: 1
2020/12/16-19:39:15.981382 10f1c Options.max_bytes_for_level_multiplier_addtl[1]: 1
2020/12/16-19:39:15.981386 10f1c Options.max_bytes_for_level_multiplier_addtl[2]: 1
2020/12/16-19:39:15.981390 10f1c Options.max_bytes_for_level_multiplier_addtl[3]: 1
2020/12/16-19:39:15.981394 10f1c Options.max_bytes_for_level_multiplier_addtl[4]: 1
2020/12/16-19:39:15.981397 10f1c Options.max_bytes_for_level_multiplier_addtl[5]: 1
2020/12/16-19:39:15.981401 10f1c Options.max_bytes_for_level_multiplier_addtl[6]: 1
2020/12/16-19:39:15.981405 10f1c       Options.max_sequential_skip_in_iterations: 8
2020/12/16-19:39:15.981409 10f1c                    Options.max_compaction_bytes: 1677721600
2020/12/16-19:39:15.981413 10f1c                        Options.arena_block_size: 8388608
2020/12/16-19:39:15.981417 10f1c   Options.soft_pending_compaction_bytes_limit: 68719476736
2020/12/16-19:39:15.981421 10f1c   Options.hard_pending_compaction_bytes_limit: 274877906944
2020/12/16-19:39:15.981426 10f1c       Options.rate_limit_delay_max_milliseconds: 100
2020/12/16-19:39:15.981430 10f1c                Options.disable_auto_compactions: 0
2020/12/16-19:39:15.981435 10f1c                        Options.compaction_style: kCompactionStyleLevel
2020/12/16-19:39:15.981440 10f1c                          Options.compaction_pri: kByCompensatedSize
2020/12/16-19:39:15.981444 10f1c Options.compaction_options_universal.size_ratio: 1
2020/12/16-19:39:15.981447 10f1c Options.compaction_options_universal.min_merge_width: 2
2020/12/16-19:39:15.981451 10f1c Options.compaction_options_universal.max_merge_width: 4294967295
2020/12/16-19:39:15.981455 10f1c Options.compaction_options_universal.max_size_amplification_percent: 200
2020/12/16-19:39:15.981459 10f1c Options.compaction_options_universal.compression_size_percent: -1
2020/12/16-19:39:15.981463 10f1c Options.compaction_options_universal.stop_style: kCompactionStopStyleTotalSize
2020/12/16-19:39:15.981467 10f1c Options.compaction_options_fifo.max_table_files_size: 1073741824
2020/12/16-19:39:15.981471 10f1c Options.compaction_options_fifo.allow_compaction: 0
2020/12/16-19:39:15.981475 10f1c Options.compaction_options_fifo.ttl: 0
2020/12/16-19:39:15.981479 10f1c                   Options.table_properties_collectors: 
2020/12/16-19:39:15.981483 10f1c                   Options.inplace_update_support: 0
2020/12/16-19:39:15.981486 10f1c                 Options.inplace_update_num_locks: 10000
2020/12/16-19:39:15.981490 10f1c               Options.memtable_prefix_bloom_size_ratio: 0.125000
2020/12/16-19:39:15.981495 10f1c   Options.memtable_huge_page_size: 0
2020/12/16-19:39:15.981499 10f1c                           Options.bloom_locality: 0
2020/12/16-19:39:15.981502 10f1c                    Options.max_successive_merges: 0
2020/12/16-19:39:15.981506 10f1c                Options.optimize_filters_for_hits: 0
2020/12/16-19:39:15.981510 10f1c                Options.paranoid_file_checks: 0
2020/12/16-19:39:15.981514 10f1c                Options.force_consistency_checks: 1
2020/12/16-19:39:15.981517 10f1c                Options.report_bg_io_stats: 0
2020/12/16-19:39:15.981521 10f1c                               Options.ttl: 0
2020/12/16-19:39:15.984285 10f1c [db\column_family.cc:474] --------------- Options for column family [Configuration]:
2020/12/16-19:39:15.984316 10f1c               Options.comparator: leveldb.BytewiseComparator
2020/12/16-19:39:15.984321 10f1c           Options.merge_operator: StringAppendOperator
2020/12/16-19:39:15.984325 10f1c        Options.compaction_filter: None
2020/12/16-19:39:15.984329 10f1c        Options.compaction_filter_factory: None
2020/12/16-19:39:15.984332 10f1c         Options.memtable_factory: SkipListFactory
2020/12/16-19:39:15.984336 10f1c            Options.table_factory: BlockBasedTable
2020/12/16-19:39:15.984370 10f1c            table_factory options:   flush_block_policy_factory: FlushBlockBySizePolicyFactory (00000000013B4860)
  cache_index_and_filter_blocks: 0
  cache_index_and_filter_blocks_with_high_priority: 1
  pin_l0_filter_and_index_blocks_in_cache: 1
  pin_top_level_index_and_filter: 1
  index_type: 2
  hash_index_allow_collision: 1
  checksum: 1
  no_block_cache: 0
  block_cache: 00000000205F0160
  block_cache_name: LRUCache
  block_cache_options:
    capacity : 536870912
    num_shard_bits : 8
    strict_capacity_limit : 0
    memory_allocator : None
    high_pri_pool_ratio: 0.000
  block_cache_compressed: 0000000000000000
  persistent_cache: 0000000000000000
  block_size: 4096
  block_size_deviation: 10
  block_restart_interval: 16
  index_block_restart_interval: 1
  metadata_block_size: 8192
  partition_filters: 1
  use_delta_encoding: 1
  filter_policy: nullptr
  whole_key_filtering: 1
  verify_compression: 0
  read_amp_bytes_per_bit: 0
  format_version: 0
  enable_index_compression: 1
  block_align: 0
2020/12/16-19:39:15.984375 10f1c        Options.write_buffer_size: 67108864
2020/12/16-19:39:15.984379 10f1c  Options.max_write_buffer_number: 3
2020/12/16-19:39:15.984383 10f1c          Options.compression: Snappy
2020/12/16-19:39:15.984438 10f1c                  Options.bottommost_compression: Disabled
2020/12/16-19:39:15.984445 10f1c       Options.prefix_extractor: rocksdb.FixedPrefix.8
2020/12/16-19:39:15.984449 10f1c   Options.memtable_insert_with_hint_prefix_extractor: nullptr
2020/12/16-19:39:15.984453 10f1c             Options.num_levels: 7
2020/12/16-19:39:15.984456 10f1c        Options.min_write_buffer_number_to_merge: 1
2020/12/16-19:39:15.984460 10f1c     Options.max_write_buffer_number_to_maintain: 0
2020/12/16-19:39:15.984464 10f1c            Options.bottommost_compression_opts.window_bits: -14
2020/12/16-19:39:15.984468 10f1c                  Options.bottommost_compression_opts.level: 32767
2020/12/16-19:39:15.984472 10f1c               Options.bottommost_compression_opts.strategy: 0
2020/12/16-19:39:15.984475 10f1c         Options.bottommost_compression_opts.max_dict_bytes: 0
2020/12/16-19:39:15.984479 10f1c         Options.bottommost_compression_opts.zstd_max_train_bytes: 0
2020/12/16-19:39:15.984483 10f1c                  Options.bottommost_compression_opts.enabled: false
2020/12/16-19:39:15.984487 10f1c            Options.compression_opts.window_bits: -14
2020/12/16-19:39:15.984491 10f1c                  Options.compression_opts.level: 32767
2020/12/16-19:39:15.984495 10f1c               Options.compression_opts.strategy: 0
2020/12/16-19:39:15.984498 10f1c         Options.compression_opts.max_dict_bytes: 0
2020/12/16-19:39:15.984502 10f1c         Options.compression_opts.zstd_max_train_bytes: 0
2020/12/16-19:39:15.984506 10f1c                  Options.compression_opts.enabled: false
2020/12/16-19:39:15.984510 10f1c      Options.level0_file_num_compaction_trigger: 10
2020/12/16-19:39:15.984514 10f1c          Options.level0_slowdown_writes_trigger: 20
2020/12/16-19:39:15.984517 10f1c              Options.level0_stop_writes_trigger: 40
2020/12/16-19:39:15.984521 10f1c                   Options.target_file_size_base: 67108864
2020/12/16-19:39:15.984525 10f1c             Options.target_file_size_multiplier: 1
2020/12/16-19:39:15.984529 10f1c                Options.max_bytes_for_level_base: 536870912
2020/12/16-19:39:15.984533 10f1c Options.level_compaction_dynamic_level_bytes: 0
2020/12/16-19:39:15.984537 10f1c          Options.max_bytes_for_level_multiplier: 10.000000
2020/12/16-19:39:15.984542 10f1c Options.max_bytes_for_level_multiplier_addtl[0]: 1
2020/12/16-19:39:15.984546 10f1c Options.max_bytes_for_level_multiplier_addtl[1]: 1
2020/12/16-19:39:15.984550 10f1c Options.max_bytes_for_level_multiplier_addtl[2]: 1
2020/12/16-19:39:15.984554 10f1c Options.max_bytes_for_level_multiplier_addtl[3]: 1
2020/12/16-19:39:15.984558 10f1c Options.max_bytes_for_level_multiplier_addtl[4]: 1
2020/12/16-19:39:15.984561 10f1c Options.max_bytes_for_level_multiplier_addtl[5]: 1
2020/12/16-19:39:15.984565 10f1c Options.max_bytes_for_level_multiplier_addtl[6]: 1
2020/12/16-19:39:15.984569 10f1c       Options.max_sequential_skip_in_iterations: 8
2020/12/16-19:39:15.984573 10f1c                    Options.max_compaction_bytes: 1677721600
2020/12/16-19:39:15.984577 10f1c                        Options.arena_block_size: 8388608
2020/12/16-19:39:15.984581 10f1c   Options.soft_pending_compaction_bytes_limit: 68719476736
2020/12/16-19:39:15.984584 10f1c   Options.hard_pending_compaction_bytes_limit: 274877906944
2020/12/16-19:39:15.984588 10f1c       Options.rate_limit_delay_max_milliseconds: 100
2020/12/16-19:39:15.984592 10f1c                Options.disable_auto_compactions: 0
2020/12/16-19:39:15.984597 10f1c                        Options.compaction_style: kCompactionStyleLevel
2020/12/16-19:39:15.984601 10f1c                          Options.compaction_pri: kByCompensatedSize
2020/12/16-19:39:15.984605 10f1c Options.compaction_options_universal.size_ratio: 1
2020/12/16-19:39:15.984609 10f1c Options.compaction_options_universal.min_merge_width: 2
2020/12/16-19:39:15.984613 10f1c Options.compaction_options_universal.max_merge_width: 4294967295
2020/12/16-19:39:15.984616 10f1c Options.compaction_options_universal.max_size_amplification_percent: 200
2020/12/16-19:39:15.984622 10f1c Options.compaction_options_universal.compression_size_percent: -1
2020/12/16-19:39:15.984629 10f1c Options.compaction_options_universal.stop_style: kCompactionStopStyleTotalSize
2020/12/16-19:39:15.984633 10f1c Options.compaction_options_fifo.max_table_files_size: 1073741824
2020/12/16-19:39:15.984636 10f1c Options.compaction_options_fifo.allow_compaction: 0
2020/12/16-19:39:15.984640 10f1c Options.compaction_options_fifo.ttl: 0
2020/12/16-19:39:15.984644 10f1c                   Options.table_properties_collectors: 
2020/12/16-19:39:15.984648 10f1c                   Options.inplace_update_support: 0
2020/12/16-19:39:15.984652 10f1c                 Options.inplace_update_num_locks: 10000
2020/12/16-19:39:15.984656 10f1c               Options.memtable_prefix_bloom_size_ratio: 0.125000
2020/12/16-19:39:15.984660 10f1c   Options.memtable_huge_page_size: 0
2020/12/16-19:39:15.984664 10f1c                           Options.bloom_locality: 0
2020/12/16-19:39:15.984668 10f1c                    Options.max_successive_merges: 0
2020/12/16-19:39:15.984672 10f1c                Options.optimize_filters_for_hits: 0
2020/12/16-19:39:15.984675 10f1c                Options.paranoid_file_checks: 0
2020/12/16-19:39:15.984679 10f1c                Options.force_consistency_checks: 1
2020/12/16-19:39:15.984683 10f1c                Options.report_bg_io_stats: 0
2020/12/16-19:39:15.984687 10f1c                               Options.ttl: 0
2020/12/16-19:39:15.992417 10f1c [db\version_set.cc:3724] Recovered from manifest file:C:\Users\Administrator\Downloads\nacos\data\protocol\raft\naming_instance_metadata\log/MANIFEST-000060 succeeded,manifest_file_number is 60, next_file_number is 63, last_sequence is 199, log_number is 0,prev_log_number is 0,max_column_family is 1,min_log_number_to_keep is 0
2020/12/16-19:39:15.992450 10f1c [db\version_set.cc:3732] Column family [default] (ID 0), log number is 59
2020/12/16-19:39:15.992455 10f1c [db\version_set.cc:3732] Column family [Configuration] (ID 1), log number is 59
2020/12/16-19:39:15.993414 10f1c EVENT_LOG_v1 {"time_micros": 1608118755993087, "job": 1, "event": "recovery_started", "log_files": [62]}
2020/12/16-19:39:15.993433 10f1c [db\db_impl_open.cc:578] Recovering log #62 mode 2
2020/12/16-19:39:16.005278 10f1c EVENT_LOG_v1 {"time_micros": 1608118756005260, "cf_name": "default", "job": 1, "event": "table_file_creation", "file_number": 63, "file_size": 862, "table_properties": {"data_size": 66, "index_size": 49, "filter_size": 0, "raw_key_size": 32, "raw_average_key_size": 32, "raw_value_size": 42, "raw_average_value_size": 42, "num_data_blocks": 1, "num_entries": 1, "filter_policy_name": ""}}
2020/12/16-19:39:16.007643 10f1c [db\version_set.cc:3037] Creating manifest 64
2020/12/16-19:39:16.020100 10f1c EVENT_LOG_v1 {"time_micros": 1608118756020083, "cf_name": "Configuration", "job": 1, "event": "table_file_creation", "file_number": 65, "file_size": 906, "table_properties": {"data_size": 103, "index_size": 49, "filter_size": 0, "raw_key_size": 58, "raw_average_key_size": 29, "raw_value_size": 50, "raw_average_value_size": 25, "num_data_blocks": 1, "num_entries": 2, "filter_policy_name": ""}}
2020/12/16-19:39:16.023803 10f1c EVENT_LOG_v1 {"time_micros": 1608118756023782, "job": 1, "event": "recovery_finished"}
2020/12/16-19:39:16.041393 10f1c [db\db_impl_open.cc:1314] DB pointer 0000000020672E80
2020/12/16-19:39:16.041999 c660 [WARN] [db\db_impl.cc:669] ------- DUMPING STATS -------
2020/12/16-19:39:16.042013 c660 [WARN] [db\db_impl.cc:670] 
** DB Stats **
Uptime(secs): 0.1 total, 0.1 interval
Cumulative writes: 0 writes, 0 keys, 0 commit groups, 0.0 writes per commit group, ingest: 0.00 GB, 0.00 MB/s
Cumulative WAL: 0 writes, 0 syncs, 0.00 writes per sync, written: 0.00 GB, 0.00 MB/s
Cumulative stall: 00:00:0.000 H:M:S, 0.0 percent
Interval writes: 0 writes, 0 keys, 0 commit groups, 0.0 writes per commit group, ingest: 0.00 MB, 0.00 MB/s
Interval WAL: 0 writes, 0 syncs, 0.00 writes per sync, written: 0.00 MB, 0.00 MB/s
Interval stall: 00:00:0.000 H:M:S, 0.0 percent

** Compaction Stats [default] **
Level    Files   Size     Score Read(GB)  Rn(GB) Rnp1(GB) Write(GB) Wnew(GB) Moved(GB) W-Amp Rd(MB/s) Wr(MB/s) Comp(sec) Comp(cnt) Avg(sec) KeyIn KeyDrop
----------------------------------------------------------------------------------------------------------------------------------------------------------
  L0      4/0    3.29 KB   0.4      0.0     0.0      0.0       0.0      0.0       0.0   1.0      0.0      0.1         0         1    0.007       0      0
 Sum      4/0    3.29 KB   0.0      0.0     0.0      0.0       0.0      0.0       0.0   1.0      0.0      0.1         0         1    0.007       0      0
 Int      0/0    0.00 KB   0.0      0.0     0.0      0.0       0.0      0.0       0.0   1.0      0.0      0.1         0         1    0.007       0      0
Uptime(secs): 0.1 total, 0.1 interval
Flush(GB): cumulative 0.000, interval 0.000
AddFile(GB): cumulative 0.000, interval 0.000
AddFile(Total Files): cumulative 0, interval 0
AddFile(L0 Files): cumulative 0, interval 0
AddFile(Keys): cumulative 0, interval 0
Cumulative compaction: 0.00 GB write, 0.01 MB/s write, 0.00 GB read, 0.00 MB/s read, 0.0 seconds
Interval compaction: 0.00 GB write, 0.01 MB/s write, 0.00 GB read, 0.00 MB/s read, 0.0 seconds
Stalls(count): 0 level0_slowdown, 0 level0_slowdown_with_compaction, 0 level0_numfiles, 0 level0_numfiles_with_compaction, 0 stop for pending_compaction_bytes, 0 slowdown for pending_compaction_bytes, 0 memtable_compaction, 0 memtable_slowdown, interval 0 total count

** File Read Latency Histogram By Level [default] **
** Level 0 read latency histogram (micros):
Count: 23 Average: 60.3043  StdDev: 130.80
Min: 3  Median: 7.5000  Max: 445
Percentiles: P50: 7.50 P75: 20.25 P99: 445.00 P99.9: 445.00 P99.99: 445.00
------------------------------------------------------
(       2,       3 ]        3  13.043%  13.043% ###
(       3,       4 ]        2   8.696%  21.739% ##
(       4,       6 ]        5  21.739%  43.478% ####
(       6,      10 ]        4  17.391%  60.870% ###
(      10,      15 ]        1   4.348%  65.217% #
(      15,      22 ]        3  13.043%  78.261% ###
(      22,      34 ]        1   4.348%  82.609% #
(      34,      51 ]        1   4.348%  86.957% #
(     250,     380 ]        1   4.348%  91.304% #
(     380,     580 ]        2   8.696% 100.000% ##


** Compaction Stats [Configuration] **
Level    Files   Size     Score Read(GB)  Rn(GB) Rnp1(GB) Write(GB) Wnew(GB) Moved(GB) W-Amp Rd(MB/s) Wr(MB/s) Comp(sec) Comp(cnt) Avg(sec) KeyIn KeyDrop
----------------------------------------------------------------------------------------------------------------------------------------------------------
  L0      4/0    3.50 KB   0.4      0.0     0.0      0.0       0.0      0.0       0.0   1.0      0.0      0.1         0         1    0.007       0      0
  L1      1/0    0.76 KB   0.0      0.0     0.0      0.0       0.0      0.0       0.0   0.0      0.0      0.0         0         0    0.000       0      0
 Sum      5/0    4.26 KB   0.0      0.0     0.0      0.0       0.0      0.0       0.0   1.0      0.0      0.1         0         1    0.007       0      0
 Int      0/0    0.00 KB   0.0      0.0     0.0      0.0       0.0      0.0       0.0   1.0      0.0      0.1         0         1    0.007       0      0
Uptime(secs): 0.1 total, 0.1 interval
Flush(GB): cumulative 0.000, interval 0.000
AddFile(GB): cumulative 0.000, interval 0.000
AddFile(Total Files): cumulative 0, interval 0
AddFile(L0 Files): cumulative 0, interval 0
AddFile(Keys): cumulative 0, interval 0
Cumulative compaction: 0.00 GB write, 0.02 MB/s write, 0.00 GB read, 0.00 MB/s read, 0.0 seconds
Interval compaction: 0.00 GB write, 0.02 MB/s write, 0.00 GB read, 0.00 MB/s read, 0.0 seconds
Stalls(count): 0 level0_slowdown, 0 level0_slowdown_with_compaction, 0 level0_numfiles, 0 level0_numfiles_with_compaction, 0 stop for pending_compaction_bytes, 0 slowdown for pending_compaction_bytes, 0 memtable_compaction, 0 memtable_slowdown, interval 0 total count

** File Read Latency Histogram By Level [Configuration] **
** Level 0 read latency histogram (micros):
Count: 24 Average: 38.6250  StdDev: 90.19
Min: 3  Median: 4.0000  Max: 329
Percentiles: P50: 4.00 P75: 6.00 P99: 329.00 P99.9: 329.00 P99.99: 329.00
------------------------------------------------------
(       2,       3 ]        5  20.833%  20.833% ####
(       3,       4 ]        7  29.167%  50.000% ######
(       4,       6 ]        6  25.000%  75.000% #####
(       6,      10 ]        2   8.333%  83.333% ##
(      15,      22 ]        1   4.167%  87.500% #
(     170,     250 ]        1   4.167%  91.667% #
(     250,     380 ]        2   8.333% 100.000% ##

** Level 1 read latency histogram (micros):
Count: 4 Average: 75.5000  StdDev: 121.55
Min: 3  Median: 4.0000  Max: 286
Percentiles: P50: 4.00 P75: 10.00 P99: 286.00 P99.9: 286.00 P99.99: 286.00
------------------------------------------------------
(       2,       3 ]        1  25.000%  25.000% #####
(       3,       4 ]        1  25.000%  50.000% #####
(       6,      10 ]        1  25.000%  75.000% #####
(     250,     380 ]        1  25.000% 100.000% #####


** Compaction Stats [default] **
Level    Files   Size     Score Read(GB)  Rn(GB) Rnp1(GB) Write(GB) Wnew(GB) Moved(GB) W-Amp Rd(MB/s) Wr(MB/s) Comp(sec) Comp(cnt) Avg(sec) KeyIn KeyDrop
----------------------------------------------------------------------------------------------------------------------------------------------------------
  L0      4/0    3.29 KB   0.4      0.0     0.0      0.0       0.0      0.0       0.0   1.0      0.0      0.1         0         1    0.007       0      0
 Sum      4/0    3.29 KB   0.0      0.0     0.0      0.0       0.0      0.0       0.0   1.0      0.0      0.1         0         1    0.007       0      0
 Int      0/0    0.00 KB   0.0      0.0     0.0      0.0       0.0      0.0       0.0   0.0      0.0      0.0         0         0    0.000       0      0
Uptime(secs): 0.1 total, 0.0 interval
Flush(GB): cumulative 0.000, interval 0.000
AddFile(GB): cumulative 0.000, interval 0.000
AddFile(Total Files): cumulative 0, interval 0
AddFile(L0 Files): cumulative 0, interval 0
AddFile(Keys): cumulative 0, interval 0
Cumulative compaction: 0.00 GB write, 0.01 MB/s write, 0.00 GB read, 0.00 MB/s read, 0.0 seconds
Interval compaction: 0.00 GB write, 0.00 MB/s write, 0.00 GB read, 0.00 MB/s read, 0.0 seconds
Stalls(count): 0 level0_slowdown, 0 level0_slowdown_with_compaction, 0 level0_numfiles, 0 level0_numfiles_with_compaction, 0 stop for pending_compaction_bytes, 0 slowdown for pending_compaction_bytes, 0 memtable_compaction, 0 memtable_slowdown, interval 0 total count

** File Read Latency Histogram By Level [default] **
** Level 0 read latency histogram (micros):
Count: 23 Average: 60.3043  StdDev: 130.80
Min: 3  Median: 7.5000  Max: 445
Percentiles: P50: 7.50 P75: 20.25 P99: 445.00 P99.9: 445.00 P99.99: 445.00
------------------------------------------------------
(       2,       3 ]        3  13.043%  13.043% ###
(       3,       4 ]        2   8.696%  21.739% ##
(       4,       6 ]        5  21.739%  43.478% ####
(       6,      10 ]        4  17.391%  60.870% ###
(      10,      15 ]        1   4.348%  65.217% #
(      15,      22 ]        3  13.043%  78.261% ###
(      22,      34 ]        1   4.348%  82.609% #
(      34,      51 ]        1   4.348%  86.957% #
(     250,     380 ]        1   4.348%  91.304% #
(     380,     580 ]        2   8.696% 100.000% ##


** Compaction Stats [Configuration] **
Level    Files   Size     Score Read(GB)  Rn(GB) Rnp1(GB) Write(GB) Wnew(GB) Moved(GB) W-Amp Rd(MB/s) Wr(MB/s) Comp(sec) Comp(cnt) Avg(sec) KeyIn KeyDrop
----------------------------------------------------------------------------------------------------------------------------------------------------------
  L0      4/0    3.50 KB   0.4      0.0     0.0      0.0       0.0      0.0       0.0   1.0      0.0      0.1         0         1    0.007       0      0
  L1      1/0    0.76 KB   0.0      0.0     0.0      0.0       0.0      0.0       0.0   0.0      0.0      0.0         0         0    0.000       0      0
 Sum      5/0    4.26 KB   0.0      0.0     0.0      0.0       0.0      0.0       0.0   1.0      0.0      0.1         0         1    0.007       0      0
 Int      0/0    0.00 KB   0.0      0.0     0.0      0.0       0.0      0.0       0.0   0.0      0.0      0.0         0         0    0.000       0      0
Uptime(secs): 0.1 total, 0.0 interval
Flush(GB): cumulative 0.000, interval 0.000
AddFile(GB): cumulative 0.000, interval 0.000
AddFile(Total Files): cumulative 0, interval 0
AddFile(L0 Files): cumulative 0, interval 0
AddFile(Keys): cumulative 0, interval 0
Cumulative compaction: 0.00 GB write, 0.01 MB/s write, 0.00 GB read, 0.00 MB/s read, 0.0 seconds
Interval compaction: 0.00 GB write, 0.00 MB/s write, 0.00 GB read, 0.00 MB/s read, 0.0 seconds
Stalls(count): 0 level0_slowdown, 0 level0_slowdown_with_compaction, 0 level0_numfiles, 0 level0_numfiles_with_compaction, 0 stop for pending_compaction_bytes, 0 slowdown for pending_compaction_bytes, 0 memtable_compaction, 0 memtable_slowdown, interval 0 total count

** File Read Latency Histogram By Level [Configuration] **
** Level 0 read latency histogram (micros):
Count: 24 Average: 38.6250  StdDev: 90.19
Min: 3  Median: 4.0000  Max: 329
Percentiles: P50: 4.00 P75: 6.00 P99: 329.00 P99.9: 329.00 P99.99: 329.00
------------------------------------------------------
(       2,       3 ]        5  20.833%  20.833% ####
(       3,       4 ]        7  29.167%  50.000% ######
(       4,       6 ]        6  25.000%  75.000% #####
(       6,      10 ]        2   8.333%  83.333% ##
(      15,      22 ]        1   4.167%  87.500% #
(     170,     250 ]        1   4.167%  91.667% #
(     250,     380 ]        2   8.333% 100.000% ##

** Level 1 read latency histogram (micros):
Count: 4 Average: 75.5000  StdDev: 121.55
Min: 3  Median: 4.0000  Max: 286
Percentiles: P50: 4.00 P75: 10.00 P99: 286.00 P99.9: 286.00 P99.99: 286.00
------------------------------------------------------
(       2,       3 ]        1  25.000%  25.000% #####
(       3,       4 ]        1  25.000%  50.000% #####
(       6,      10 ]        1  25.000%  75.000% #####
(     250,     380 ]        1  25.000% 100.000% #####

2020/12/16-19:39:16.042394 c660 [WARN] [db\db_impl.cc:617] STATISTICS:
 rocksdb.block.cache.miss COUNT : 15
rocksdb.block.cache.hit COUNT : 0
rocksdb.block.cache.add COUNT : 15
rocksdb.block.cache.add.failures COUNT : 0
rocksdb.block.cache.index.miss COUNT : 7
rocksdb.block.cache.index.hit COUNT : 0
rocksdb.block.cache.index.add COUNT : 7
rocksdb.block.cache.index.bytes.insert COUNT : 714
rocksdb.block.cache.index.bytes.evict COUNT : 0
rocksdb.block.cache.filter.miss COUNT : 0
rocksdb.block.cache.filter.hit COUNT : 0
rocksdb.block.cache.filter.add COUNT : 0
rocksdb.block.cache.filter.bytes.insert COUNT : 0
rocksdb.block.cache.filter.bytes.evict COUNT : 0
rocksdb.block.cache.data.miss COUNT : 8
rocksdb.block.cache.data.hit COUNT : 0
rocksdb.block.cache.data.add COUNT : 8
rocksdb.block.cache.data.bytes.insert COUNT : 1044
rocksdb.block.cache.bytes.read COUNT : 0
rocksdb.block.cache.bytes.write COUNT : 1758
rocksdb.bloom.filter.useful COUNT : 0
rocksdb.bloom.filter.full.positive COUNT : 0
rocksdb.bloom.filter.full.true.positive COUNT : 0
rocksdb.persistent.cache.hit COUNT : 0
rocksdb.persistent.cache.miss COUNT : 0
rocksdb.sim.block.cache.hit COUNT : 0
rocksdb.sim.block.cache.miss COUNT : 0
rocksdb.memtable.hit COUNT : 0
rocksdb.memtable.miss COUNT : 0
rocksdb.l0.hit COUNT : 0
rocksdb.l1.hit COUNT : 0
rocksdb.l2andup.hit COUNT : 0
rocksdb.compaction.key.drop.new COUNT : 0
rocksdb.compaction.key.drop.obsolete COUNT : 0
rocksdb.compaction.key.drop.range_del COUNT : 0
rocksdb.compaction.key.drop.user COUNT : 0
rocksdb.compaction.range_del.drop.obsolete COUNT : 0
rocksdb.compaction.optimized.del.drop.obsolete COUNT : 0
rocksdb.compaction.cancelled COUNT : 0
rocksdb.number.keys.written COUNT : 0
rocksdb.number.keys.read COUNT : 0
rocksdb.number.keys.updated COUNT : 0
rocksdb.bytes.written COUNT : 0
rocksdb.bytes.read COUNT : 0
rocksdb.number.db.seek COUNT : 0
rocksdb.number.db.next COUNT : 0
rocksdb.number.db.prev COUNT : 0
rocksdb.number.db.seek.found COUNT : 0
rocksdb.number.db.next.found COUNT : 0
rocksdb.number.db.prev.found COUNT : 0
rocksdb.db.iter.bytes.read COUNT : 0
rocksdb.no.file.closes COUNT : 0
rocksdb.no.file.opens COUNT : 9
rocksdb.no.file.errors COUNT : 0
rocksdb.l0.slowdown.micros COUNT : 0
rocksdb.memtable.compaction.micros COUNT : 0
rocksdb.l0.num.files.stall.micros COUNT : 0
rocksdb.stall.micros COUNT : 0
rocksdb.db.mutex.wait.micros COUNT : 0
rocksdb.rate.limit.delay.millis COUNT : 0
rocksdb.num.iterators COUNT : 0
rocksdb.number.multiget.get COUNT : 0
rocksdb.number.multiget.keys.read COUNT : 0
rocksdb.number.multiget.bytes.read COUNT : 0
rocksdb.number.deletes.filtered COUNT : 0
rocksdb.number.merge.failures COUNT : 0
rocksdb.bloom.filter.prefix.checked COUNT : 0
rocksdb.bloom.filter.prefix.useful COUNT : 0
rocksdb.number.reseeks.iteration COUNT : 0
rocksdb.getupdatessince.calls COUNT : 0
rocksdb.block.cachecompressed.miss COUNT : 0
rocksdb.block.cachecompressed.hit COUNT : 0
rocksdb.block.cachecompressed.add COUNT : 0
rocksdb.block.cachecompressed.add.failures COUNT : 0
rocksdb.wal.synced COUNT : 0
rocksdb.wal.bytes COUNT : 0
rocksdb.write.self COUNT : 0
rocksdb.write.other COUNT : 0
rocksdb.write.timeout COUNT : 0
rocksdb.write.wal COUNT : 0
rocksdb.compact.read.bytes COUNT : 0
rocksdb.compact.write.bytes COUNT : 1768
rocksdb.flush.write.bytes COUNT : 0
rocksdb.number.direct.load.table.properties COUNT : 0
rocksdb.number.superversion_acquires COUNT : 0
rocksdb.number.superversion_releases COUNT : 0
rocksdb.number.superversion_cleanups COUNT : 0
rocksdb.number.block.compressed COUNT : 0
rocksdb.number.block.decompressed COUNT : 0
rocksdb.number.block.not_compressed COUNT : 0
rocksdb.merge.operation.time.nanos COUNT : 0
rocksdb.filter.operation.time.nanos COUNT : 0
rocksdb.row.cache.hit COUNT : 0
rocksdb.row.cache.miss COUNT : 0
rocksdb.read.amp.estimate.useful.bytes COUNT : 0
rocksdb.read.amp.total.read.bytes COUNT : 0
rocksdb.number.rate_limiter.drains COUNT : 0
rocksdb.number.iter.skip COUNT : 0
rocksdb.blobdb.num.put COUNT : 0
rocksdb.blobdb.num.write COUNT : 0
rocksdb.blobdb.num.get COUNT : 0
rocksdb.blobdb.num.multiget COUNT : 0
rocksdb.blobdb.num.seek COUNT : 0
rocksdb.blobdb.num.next COUNT : 0
rocksdb.blobdb.num.prev COUNT : 0
rocksdb.blobdb.num.keys.written COUNT : 0
rocksdb.blobdb.num.keys.read COUNT : 0
rocksdb.blobdb.bytes.written COUNT : 0
rocksdb.blobdb.bytes.read COUNT : 0
rocksdb.blobdb.write.inlined COUNT : 0
rocksdb.blobdb.write.inlined.ttl COUNT : 0
rocksdb.blobdb.write.blob COUNT : 0
rocksdb.blobdb.write.blob.ttl COUNT : 0
rocksdb.blobdb.blob.file.bytes.written COUNT : 0
rocksdb.blobdb.blob.file.bytes.read COUNT : 0
rocksdb.blobdb.blob.file.synced COUNT : 0
rocksdb.blobdb.blob.index.expired.count COUNT : 0
rocksdb.blobdb.blob.index.expired.size COUNT : 0
rocksdb.blobdb.blob.index.evicted.count COUNT : 0
rocksdb.blobdb.blob.index.evicted.size COUNT : 0
rocksdb.blobdb.gc.num.files COUNT : 0
rocksdb.blobdb.gc.num.new.files COUNT : 0
rocksdb.blobdb.gc.failures COUNT : 0
